// seg p1.x p1.y p2.x p2.y
seg -0.5  0.25  0.0  0.5
seg  0.0  0.50  0.5  0.25
seg  0.5  0.25  0.5 -0.25
seg  0.5 -0.25  0.0 -0.5
seg  0.0 -0.50 -0.5 -0.25
seg -0.5 -0.25 -0.5  0.25

// tri v1.x v1.y t1.x t1.y v2.x v2.y t2.x t2.y v3.x v3.y t3.x t3.y
tri  0.0  0.50 145 400  0.5  0.25  160 407.5 -0.5  0.25  130 407.5
tri -0.5  0.25 130 407.5  0.5  0.25  160 407.5  0.5 -0.25  160 422.5
tri -0.5  0.25 130 407.5  0.5 -0.25  160 422.5 -0.5 -0.25  130  422.5
tri -0.5 -0.25 130 422.5  0.5 -0.25  160 422.5  0.0 -0.50  145 430
